{
  "vocab": [
    "hotel",
    "motel",
    "bank",
    "atm",
    "apple",
    "tea"
  ],
  "one_hot_matrix": [
    [
      1.0,
      0.0,
      0.0,
      0.0,
      0.0,
      0.0
    ],
    [
      0.0,
      1.0,
      0.0,
      0.0,
      0.0,
      0.0
    ],
    [
      0.0,
      0.0,
      1.0,
      0.0,
      0.0,
      0.0
    ],
    [
      0.0,
      0.0,
      0.0,
      1.0,
      0.0,
      0.0
    ],
    [
      0.0,
      0.0,
      0.0,
      0.0,
      1.0,
      0.0
    ],
    [
      0.0,
      0.0,
      0.0,
      0.0,
      0.0,
      1.0
    ]
  ],
  "dense_matrix": [
    [
      1.0,
      0.998,
      0.1191,
      0.1055,
      0.0526,
      0.0712
    ],
    [
      0.998,
      1.0,
      0.107,
      0.0981,
      0.0476,
      0.069
    ],
    [
      0.1191,
      0.107,
      1.0,
      0.9971,
      0.045,
      0.0642
    ],
    [
      0.1055,
      0.0981,
      0.9971,
      1.0,
      0.0404,
      0.0629
    ],
    [
      0.0526,
      0.0476,
      0.045,
      0.0404,
      1.0,
      0.9985
    ],
    [
      0.0712,
      0.069,
      0.0642,
      0.0629,
      0.9985,
      1.0
    ]
  ],
  "comparison_pairs": [
    {
      "pair": "hotel-motel",
      "relation": "Same: lodging",
      "one_hot_dot": 0.0,
      "dense_cos_sim": 0.998
    },
    {
      "pair": "bank-atm",
      "relation": "Same: finance",
      "one_hot_dot": 0.0,
      "dense_cos_sim": 0.9971
    },
    {
      "pair": "apple-tea",
      "relation": "Same: food/drink",
      "one_hot_dot": 0.0,
      "dense_cos_sim": 0.9985
    },
    {
      "pair": "hotel-apple",
      "relation": "Cross: lodging vs food",
      "one_hot_dot": 0.0,
      "dense_cos_sim": 0.0526
    },
    {
      "pair": "hotel-bank",
      "relation": "Cross: lodging vs finance",
      "one_hot_dot": 0.0,
      "dense_cos_sim": 0.1191
    },
    {
      "pair": "motel-atm",
      "relation": "Cross: lodging vs finance",
      "one_hot_dot": 0.0,
      "dense_cos_sim": 0.0981
    }
  ],
  "summary": {
    "avg_same_group_cos_sim": 0.9979,
    "avg_cross_group_cos_sim": 0.0899,
    "gap": 0.9079
  }
}